Anisotropy	Interaction coefficient	L/L0	Weight norm L/L0	Collisions	Backscattered	Front	Undeflected	Mass	Photons absorbed	TIR	Avg max z coordinate	Iterations
0.7	1e-05	1.0011766942034834	1.0011766942034834	1.08e-05	4e-07	0.9999978	0.9999892	0.9999989	0.0	0.0005101	0.9999996	1.000000e+07
0.7	2e-05	1.0023431597231005	1.0023431597231005	2.02e-05	4e-07	0.9999957	0.9999798	0.999998	0.0	0.000806	0.9999996	1.000000e+07
0.7	3.0000000000000004e-05	1.004429828029413	1.0043898668418518	2.88e-05	6e-07	0.9999924	0.9999714	0.9999964	0.0	0.0015649	0.9999994	1.000000e+07
0.7	4e-05	1.0054802518548855	1.0054270941364576	3.88e-05	4e-07	0.9999908	0.9999615	0.9999948	0.0	0.0020447	0.9999996	1.000000e+07
0.7	5e-05	1.0068801497600046	1.006831357106415	5e-05	7e-07	0.9999886	0.9999503	0.9999944	0.0	0.0026097	0.9999993	1.000000e+07
0.7	6e-05	1.0089716352745117	1.0089459728705845	5.86e-05	8e-07	0.9999851	0.9999419	0.9999928	0.0	0.0033985	0.9999991	1.000000e+07
0.7	7.000000000000001e-05	1.010853434264794	1.0106376914099269	7.17e-05	1.9e-06	0.999981	0.9999298	0.9999883	0.0	0.0040565	0.9999984	1.000000e+07
0.7	8e-05	1.0121794754464597	1.012055692077011	7.95e-05	1.6e-06	0.9999792	0.9999214	0.9999874	0.0	0.004771	0.9999987	1.000000e+07
0.7	9e-05	1.0144914872675554	1.0143235570042344	9.1e-05	1.8e-06	0.9999752	0.9999105	0.9999872	0.0	0.0056409	0.9999982	1.000000e+07
0.7	0.0001	1.010751253134623	1.010751253134623	0.000118	4e-06	0.999978	0.999882	0.999986	0.0	0.003512	0.999996	1.000000e+06
0.7	0.0001	1.0164356135418902	1.0164356135418902	9.9e-05	1e-06	0.999973	0.999901	0.999985	0.0	0.006908	0.999999	1.000000e+06
0.7	0.0002	1.0344734636259865	1.0335031263816103	0.0002	6e-06	0.999939	0.999804	0.999969	0.0	0.012851	0.999994	1.000000e+06
0.7	0.00030000000000000003	1.0427177476644984	1.0417437085867582	0.000306	1e-05	0.999924	0.999705	0.9999535	0.0	0.017506	0.999994	1.000000e+06
0.7	0.0004	1.053943739854445	1.0505772045261743	0.00041	1.1e-05	0.999908	0.999617	0.99994525	0.0	0.022213	0.999991	1.000000e+06
0.7	0.0005	1.089522085047569	1.0839692324649783	0.000605	1.5e-05	0.999845	0.999438	0.99989425	0.0	0.033264	0.999991	1.000000e+06
0.7	0.0006000000000000001	1.0872410145785871	1.0793794024905967	0.000656	2.3e-05	0.99985	0.999405	0.999902375	0.0	0.03656	0.999986	1.000000e+06
0.7	0.0007000000000000001	1.1143278879592253	1.102811854131816	0.00082	2.5e-05	0.999799	0.999258	0.99986325	0.0	0.042979	0.999981	1.000000e+06
0.7	0.0008000000000000001	1.1198601736750562	1.1065623433235303	0.000863	2.4e-05	0.999804	0.999233	0.9998725	0.0	0.047446	0.999989	1.000000e+06
0.7	0.0009000000000000002	1.1231904879949555	1.1081033617214693	0.000995	2.7e-05	0.999791	0.999116	0.999856625	0.0	0.048092	0.999987	1.000000e+06
0.7	0.0010000000000000002	1.1552362766080562	1.1350855349273234	0.00123	4.5e-05	0.999735	0.998939	0.9998074375	0.0	0.059246	0.999976	1.000000e+06
0.7	0.001	1.1315502280484149	1.1153953909852714	0.001137	3.7e-05	0.999772	0.998999	0.99983328125	0.0	0.046572	0.999977	1.000000e+06
0.7	0.002	1.2919738986742195	1.2238725963076478	0.002541	9.5e-05	0.999524	0.998054	0.9996006875	0.0	0.105221	0.999966	1.000000e+06
0.7	0.003	1.403793156514963	1.2794244376246482	0.00426	0.000206	0.999314	0.996934	0.99934348828125	1e-06	0.145408	0.999935	1.000000e+06
0.7	0.004	1.488803427466293	1.3103282232385298	0.005979	0.000298	0.999185	0.996019	0.999116578125	2e-06	0.175682	0.999918	1.000000e+06
0.7	0.005	1.6179467635388873	1.348674907573237	0.008073	0.000449	0.998925	0.995032	0.99880229296875	1e-05	0.214854	0.9998846761142609	1.000000e+06
0.7	0.006	1.750560371616712	1.3920551967370187	0.010672	0.000615	0.998706	0.993841	0.998448169921875	1.8e-05	0.254745	0.9998512029243519	1.000000e+06
0.7	0.007	1.794490267762172	1.375135781401307	0.012687	0.000707	0.998655	0.992996	0.9982622180175781	2.7e-05	0.269306	0.999832053525698	1.000000e+06
0.7	0.008	1.839343452769158	1.3756266045774028	0.014819	0.000819	0.99854	0.992032	0.9980451123046875	4e-05	0.280235	0.9997931216166871	1.000000e+06
0.7	0.009000000000000001	1.8630783145331624	1.379527516053563	0.016568	0.000948	0.998422	0.991169	0.9978535673828125	6.9e-05	0.284717	0.9997486668131271	1.000000e+06
0.7	0.010000000000000002	1.9283096691655286	1.403430348622191	0.019275	0.001103	0.998259	0.990008	0.9975140915527344	0.000107	0.311484	0.9996959893237495	1.000000e+06
0.7	0.01	1.9329836829055547	1.3997380760590628	0.019222	0.001103	0.998252	0.990106	0.9975495883789063	0.000117	0.308866	0.9996875163349436	1.000000e+06
0.7	0.02	2.069581538613531	1.3804739705679565	0.041574	0.002547	0.996788	0.980249	0.9950484125366211	0.000566	0.34929	0.9990359489943638	1.000000e+06
0.7	0.03	2.1013041721763437	1.3756466602469704	0.063506	0.003874	0.995131	0.9704	0.9924138475341797	0.000994	0.364322	0.9983756020359676	1.000000e+06
0.7	0.04	2.1003824419642325	1.372111310334366	0.084395	0.005203	0.99349	0.960988	0.9897269323730469	0.001307	0.365595	0.9978425440014209	1.000000e+06
0.7	0.05	2.0773994293921274	1.3494380231334562	0.10475	0.006347	0.992004	0.951307	0.9874447048950196	0.001649	0.358475	0.9973101027178366	1.000000e+06
0.7	0.060000000000000005	2.0771958495435627	1.3437236626314122	0.126159	0.007584	0.990422	0.941876	0.9847357770996094	0.001994	0.36071	0.996792850559475	1.000000e+06
0.7	0.07	2.069504143805557	1.3328075854606847	0.147533	0.00903	0.988661	0.932185	0.9820139203186035	0.002309	0.359467	0.9961184458838483	1.000000e+06
0.7	0.08	2.07673527626478	1.3227411023438687	0.169181	0.010177	0.98715	0.922994	0.9793436116333007	0.002673	0.362036	0.9956501317902791	1.000000e+06
0.7	0.09	2.075319279561962	1.3149216385384177	0.190435	0.011589	0.985335	0.913925	0.9766221384277344	0.003076	0.364784	0.9949681446889385	1.000000e+06
0.7	0.09999999999999999	2.0687849235285136	1.3077776875124127	0.211544	0.012682	0.983866	0.904618	0.973990666015625	0.003452	0.363686	0.9943841750271762	1.000000e+06
0.7	0.1	2.0778142198796252	1.3076898516669262	0.21281	0.012892	0.983737	0.904739	0.9736285909423829	0.003371	0.367365	0.9944957170866889	1.000000e+06
0.7	0.2	2.0677989709088895	1.2300797442937725	0.430029	0.025247	0.967199	0.818823	0.945043741821289	0.007554	0.375035	0.988133427012517	1.000000e+06
0.7	0.30000000000000004	2.0543509571145497	1.157969125149029	0.652033	0.036905	0.950773	0.740907	0.9149904006958007	0.012322	0.381037	0.9811839632378684	1.000000e+06
0.7	0.4	2.0436029254728716	1.0937513853515297	0.877993	0.048574	0.933714	0.670569	0.8831617939472198	0.017712	0.387336	0.9732535025206026	1.000000e+06
0.7	0.5	2.042751669851168	1.03624522895087	1.109164	0.059778	0.916369	0.607631	0.8504519843902588	0.023853	0.395937	0.9648823198442795	1.000000e+06
0.7	0.6	2.035971761431361	0.981887338812879	1.34163	0.069959	0.899179	0.549366	0.8174312834472657	0.030862	0.401367	0.9553221722243691	1.000000e+06
0.7	0.7	2.0226063544844184	0.9295871663050381	1.573391	0.07979	0.882286	0.495997	0.7835784239654541	0.037924	0.402516	0.9456429282569405	1.000000e+06
0.7	0.7999999999999999	2.0268704006551075	0.8843333208272864	1.813962	0.089403	0.864202	0.449142	0.7495475102539062	0.046395	0.411952	0.9344106715172521	1.000000e+06
0.7	0.8999999999999999	2.018553600927825	0.8404896419127608	2.047692	0.098254	0.846756	0.406139	0.7163461640777588	0.05499	0.413805	0.9233171136131126	1.000000e+06
0.7	0.9999999999999999	2.0115187825784044	0.799745487013129	2.274841	0.105731	0.830633	0.368701	0.6849921068458558	0.063636	0.415156	0.9121018622122032	1.000000e+06
0.7	1.0	2.0112422960527603	0.7935445135593425	2.2749	0.1061	0.8299	0.3669	0.6852505432128906	0.064	0.4234	0.9112465956871718	1.000000e+04
0.7	2.0	1.9802451194432065	0.514708252993083	4.5398	0.157	0.6615	0.1334	0.4035996109008789	0.1815	0.4341	0.7674654654038786	1.000000e+04
0.7	3.0	1.8812340129898337	0.35263042450105453	6.3806	0.1727	0.5163	0.0488	0.21768478393554688	0.311	0.3993	0.6163208089850972	1.000000e+04
0.7	4.0	1.7004414707749729	0.25909952209460785	7.6902	0.1693	0.4	0.0171	0.11236598052978515	0.4307	0.3497	0.4750842917490999	1.000000e+04
0.7	5.0	1.532592557943931	0.20737933972274045	8.5991	0.1697	0.3006	0.0082	0.06177833251953125	0.5297	0.2925	0.360872708154513	1.000000e+04
0.7	6.0	1.3951924421769817	0.16820195936888171	9.389	0.1545	0.2198	0.0026	0.03098585968017578	0.6257	0.2477	0.265366552112064	1.000000e+04
0.7	7.0	1.255181773032531	0.14411779056111854	9.8294	0.1502	0.1519	0.001	0.0144804931640625	0.6979	0.2246	0.18950563662032532	1.000000e+04
0.7	8.0	1.132949173064484	0.12496420006802887	10.077	0.1627	0.1053	0.0003	0.006996295166015625	0.732	0.19	0.14095095333543672	1.000000e+04
0.7	9.0	1.0313383221715993	0.1103946136537345	10.2767	0.1575	0.0717	0.0	0.00347257080078125	0.7708	0.1811	0.10273510445761147	1.000000e+04
0.7	10.0	0.9406387695252048	0.09918619968678413	10.4346	0.154	0.0438	0.0001	0.001608282470703125	0.8022	0.1646	0.07156153462329305	1.000000e+04
0.7	10.0	0.9391157627996263	0.10000463327268855	10.4107	0.1524	0.0482	0.0002	0.0022718597412109375	0.7994	0.166	0.07453880448289496	1.000000e+04
0.7	20.0	0.47835895742622697	0.050004936019112066	10.5857	0.154	0.0	0.0	0.0	0.846	0.1502	0.013032180589338608	1.000000e+04
0.7	30.0	0.31891544152421686	0.033317877397975176	10.5808	0.1562	0.0	0.0	0.0	0.8438	0.1553	0.009039897573540267	1.000000e+04
0.7	40.0	0.23904958130138435	0.024683937180555657	10.5391	0.1612	0.0	0.0	0.0	0.8388	0.1451	0.006997669424255496	1.000000e+04
0.7	50.0	0.19111616065470508	0.019805212446141276	10.5808	0.1559	0.0	0.0	0.0	0.8441	0.1571	0.005323276324470719	1.000000e+04
0.7	60.0	0.15976979363582708	0.016733068923967892	10.5894	0.1559	0.0	0.0	0.0	0.8441	0.1571	0.004660299877902829	1.000000e+04
0.7	70.0	0.13710894968318252	0.014244848558693105	10.5626	0.1572	0.0	0.0	0.0	0.8428	0.1409	0.003813748933191433	1.000000e+04
0.7	80.0	0.11943627124830104	0.01250728084399795	10.552	0.1586	0.0	0.0	0.0	0.8414	0.146	0.0034203917382917524	1.000000e+04
0.7	90.0	0.10638426321471277	0.011119361239524192	10.5499	0.1561	0.0	0.0	0.0	0.8439	0.1508	0.002990827880287667	1.000000e+04
0.7	100.0	0.09585767800941729	0.009944482258954496	10.594	0.1541	0.0	0.0	0.0	0.8459	0.1536	0.0026567892267139125	1.000000e+04
Anisotropy	Interaction coefficient	L/L0	Weight norm L/L0	Collisions	Backscattered	Front	Undeflected	Mass	Photons absorbed	TIR	Avg max z coordinate	Iterations
0.7	1e-05	1.0010671080495122	1.0010428477274607	8.3e-06	1e-07	0.9999982	0.9999918	0.9999992	0.0	0.0004453	0.9999999	1.000000e+07
0.7	2e-05	1.0030493483019691	1.003017524652336	2.32e-05	3e-07	0.9999948	0.9999769	0.9999974	0.0	0.0012248	0.9999997	1.000000e+07
0.7	3.0000000000000004e-05	1.006010880063314	1.0059839054974913	3.22e-05	2e-07	0.9999903	0.999968	0.9999954	0.0	0.0023858	0.9999998	1.000000e+07
0.7	4e-05	1.0059458791855835	1.0059008149295203	3.91e-05	1.1e-06	0.9999897	0.9999613	0.9999938	0.0	0.0024563	0.999999	1.000000e+07
0.7	5e-05	1.00641255536724	1.0063783671186977	5.04e-05	6e-07	0.9999894	0.99995	0.9999943	0.0	0.00273	0.9999994	1.000000e+07
0.7	6e-05	1.0091685409120958	1.009074536849278	6.02e-05	1.7e-06	0.9999836	0.9999404	0.99999175	0.0	0.0034811	0.9999984	1.000000e+07
0.7	7.000000000000001e-05	1.0101521513533755	1.0100189071385	6.88e-05	1e-06	0.9999829	0.9999321	0.9999898	0.0	0.0042028	0.9999992	1.000000e+07
0.7	8e-05	1.0114548091496594	1.0112399992741108	8.11e-05	1.6e-06	0.9999799	0.9999201	0.9999891	0.0	0.0045766	0.9999985	1.000000e+07
0.7	9e-05	1.0140745368735142	1.0137935545899968	8.81e-05	2.3e-06	0.9999756	0.9999135	0.99998635	0.0	0.0055372	0.9999978	1.000000e+07
0.7	0.0001	1.0246161848330169	1.0239859904313782	0.000106	0.0	0.999963	0.999896	0.9999795	0.0	0.011109	1.0	1.000000e+06
0.7	0.0001	1.0155642035493644	1.0155442273584412	9.3e-05	1e-06	0.999974	0.999909	0.999983	0.0	0.005936	1.0	1.000000e+06
0.7	0.0002	1.0338330666149464	1.032695952273922	0.000188	5e-06	0.999942	0.999818	0.9999655	0.0	0.013523	0.999995	1.000000e+06
0.7	0.00030000000000000003	1.054015431445263	1.0517256311112329	0.000319	7e-06	0.999908	0.999698	0.99994875	0.0	0.02106	0.999992	1.000000e+06
0.7	0.0004	1.0514015852267367	1.0475663821034875	0.000415	9e-06	0.999915	0.999613	0.99995275	0.0	0.02063	0.999994	1.000000e+06
0.7	0.0005	1.0725694370416876	1.067660607482622	0.000558	1.5e-05	0.999878	0.999486	0.99992275	0.0	0.027513	0.999994	1.000000e+06
0.7	0.0006000000000000001	1.0796334493452115	1.0740841704220006	0.00064	1.8e-05	0.999861	0.999405	0.9999	0.0	0.032122	0.999988	1.000000e+06
0.7	0.0007000000000000001	1.115708245876073	1.1056970394446677	0.000833	2.3e-05	0.999805	0.999246	0.99986725	0.0	0.047071	0.999987	1.000000e+06
0.7	0.0008000000000000001	1.1167201658867907	1.1043801732891008	0.000923	2.9e-05	0.9998	0.999173	0.99987275	0.0	0.043883	0.999984	1.000000e+06
0.7	0.0009000000000000002	1.1528883950757045	1.1339488048057795	0.001105	2.8e-05	0.999746	0.999035	0.999827625	0.0	0.057024	0.9999820752240839	1.000000e+06
0.7	0.0010000000000000002	1.1495787373455313	1.1288580403094557	0.001158	4.1e-05	0.999748	0.998986	0.9998164375	0.0	0.055901	0.999974	1.000000e+06
0.7	0.001	1.1553298400611898	1.1342520830742786	0.001141	3.7e-05	0.999736	0.999012	0.99980025	0.0	0.056456	0.99998	1.000000e+06
0.7	0.002	1.2827689897037924	1.216612472677754	0.002542	0.000104	0.999537	0.998034	0.999604609375	0.0	0.106854	0.999963	1.000000e+06
0.7	0.003	1.3888971749816383	1.2712323080951227	0.00412	0.000217	0.99933	0.997081	0.99934669140625	0.0	0.14022	0.999923	1.000000e+06
0.7	0.004	1.5258811542003794	1.3245796414132038	0.006068	0.000269	0.999161	0.995981	0.99911551953125	2e-06	0.186901	0.999931	1.000000e+06
0.7	0.005	1.6038759315742497	1.3418949923320327	0.00821	0.000435	0.998969	0.994902	0.9988041552734375	2e-06	0.205025	0.9998867881242067	1.000000e+06
0.7	0.006	1.6802285233288778	1.3532325776576597	0.010181	0.000559	0.998855	0.994008	0.9985678527832031	1.2e-05	0.234502	0.9998568184021099	1.000000e+06
0.7	0.007	1.7175450992445291	1.3535868084998792	0.012077	0.00071	0.998716	0.993086	0.9983571274414063	1.4e-05	0.235657	0.9998414250220984	1.000000e+06
0.7	0.008	1.811920354767187	1.3671512474484944	0.014538	0.000867	0.998519	0.992047	0.998067693359375	4.4e-05	0.275369	0.9997923852543963	1.000000e+06
0.7	0.009000000000000001	1.8648812994751494	1.372932523330392	0.0167	0.001021	0.998348	0.991127	0.9977926059570312	6.6e-05	0.28365	0.9997386698642525	1.000000e+06
0.7	0.010000000000000002	1.8847310175736753	1.3743398677418373	0.018854	0.00112	0.998275	0.99015	0.9976078315429687	0.0001	0.298712	0.9996984234937542	1.000000e+06
0.7	0.01	1.8866788116968194	1.3796874259742944	0.018946	0.001108	0.998286	0.989946	0.9975886735839844	9.2e-05	0.29838	0.9997067561535666	1.000000e+06
0.7	0.02	2.0891810975626077	1.385208440277601	0.042173	0.002599	0.996715	0.980099	0.9949289461059571	0.000578	0.360495	0.9989881832253813	1.000000e+06
0.7	0.03	2.0839957973050622	1.3719550305021488	0.062966	0.00385	0.995192	0.970417	0.9924724384765625	0.000952	0.358106	0.9984424597169556	1.000000e+06
0.7	0.04	2.094792903101332	1.3648976486401665	0.084961	0.005092	0.993585	0.960719	0.989864191772461	0.001322	0.363191	0.9978691681714598	1.000000e+06
0.7	0.05	2.068178807282318	1.3513208604812275	0.104394	0.006359	0.992016	0.951375	0.9873717104492188	0.001625	0.356846	0.9973100704806701	1.000000e+06
0.7	0.060000000000000005	2.0913517936642854	1.3464586159176168	0.127501	0.007775	0.990272	0.94153	0.9845414813232422	0.001953	0.363889	0.9967733422767815	1.000000e+06
0.7	0.07	2.094680208044846	1.3419363687190446	0.148577	0.009084	0.988631	0.932234	0.9817662817993164	0.002285	0.367939	0.99626291490613	1.000000e+06
0.7	0.08	2.0575645505037246	1.3225210367283533	0.167811	0.010188	0.987248	0.923122	0.9794396513061523	0.002564	0.355606	0.9957462820234837	1.000000e+06
0.7	0.09	2.0723514255889577	1.315829006292911	0.191524	0.011498	0.985478	0.913684	0.9764858587646484	0.003024	0.363744	0.9950726742837954	1.000000e+06
0.7	0.09999999999999999	2.0772106175044383	1.3090671190703604	0.212091	0.012762	0.983848	0.905052	0.973846223815918	0.00339	0.365753	0.9944848628029341	1.000000e+06
0.7	0.1	2.079493100599716	1.307933469838594	0.212479	0.012831	0.983731	0.904934	0.9738142658691407	0.003438	0.367697	0.9944289073748387	1.000000e+06
0.7	0.2	2.0665007412983885	1.228029657409914	0.431622	0.025455	0.967073	0.818336	0.9449039831542969	0.007472	0.375473	0.9880618035197978	1.000000e+06
0.7	0.30000000000000004	2.0559375842574332	1.1583483228417482	0.652054	0.037375	0.950467	0.741761	0.9146686679077148	0.012158	0.382434	0.9811336793099471	1.000000e+06
0.7	0.4	2.0442277649878755	1.0917054160862343	0.88022	0.048801	0.933315	0.669737	0.8828041063385009	0.017884	0.387932	0.9729569982246805	1.000000e+06
0.7	0.5	2.0368400621842198	1.033634651354924	1.108193	0.059792	0.916365	0.606665	0.8503753151721954	0.023843	0.394244	0.9648133207467674	1.000000e+06
0.7	0.6	2.0307824804001626	0.9805334749782801	1.341038	0.069848	0.899488	0.54844	0.8173435772094727	0.030664	0.4002	0.9554626377857117	1.000000e+06
0.7	0.7	2.024800954846132	0.9302605977876677	1.573495	0.080071	0.882164	0.496063	0.7835897579040527	0.037765	0.404637	0.9458070638952181	1.000000e+06
0.7	0.7999999999999999	Anisotropy	Interaction coefficient	L/L0	Weight norm L/L0	Collisions	Backscattered	Front	Undeflected	Mass	Photons absorbed	TIR	Avg max z coordinate	Iterations
0.7	1e-05	