Anisotropy	Interaction coefficient	L/L0	Weight norm L/L0	Collisions	Backscattered	Front	Undeflected	Mass	Photons absorbed	TIR	Avg max z coordinate	Iterations
0.6	1e-05	1.002270071421957	1.002270071421957	9.5e-06	3e-07	0.9999962	0.9999905	0.9999977	0.0	0.0008776	0.9999997	1.000000e+07
0.6	2e-05	1.003965797209544	1.003963070632324	1.9e-05	8e-07	0.9999929	0.9999811	0.999996295	0.0	0.0016503	0.9999992	1.000000e+07
0.6	3.0000000000000004e-05	1.0067639442835428	1.0067605845020275	2.99e-05	7e-07	0.9999884	0.9999702	0.999994395	0.0	0.0027265	0.9999993	1.000000e+07
0.6	4e-05	1.007817438185017	1.0078094169302183	4.03e-05	1.7e-06	0.9999861	0.9999602	0.9999921949999999	0.0	0.0031091	0.9999985	1.000000e+07
0.6	5e-05	1.0112094289540128	1.0112051550650372	5.03e-05	1.2e-06	0.9999816	0.9999503	0.9999904850000001	0.0	0.0046228	0.999999	1.000000e+07
0.6	6e-05	1.0097902698552064	1.0097783828901354	5.97e-05	3.3e-06	0.9999813	0.9999412	0.999988375	0.0	0.003749	0.999997	1.000000e+07
0.6	7.000000000000001e-05	1.0153669275614008	1.0153516484815122	7.3e-05	1.9e-06	0.9999734	0.9999281	0.9999871649999998	0.0	0.0057122	0.9999983	1.000000e+07
0.6	8e-05	1.016413018112016	1.0163928526013237	8.15e-05	2e-06	0.9999721	0.9999198	0.99998437	0.0	0.0063051	0.999998	1.000000e+07
0.6	9e-05	1.0203487524906574	1.020327176467056	9.78e-05	2.6e-06	0.9999649	0.9999034	0.9999814700000001	0.0	0.0073355	0.9999975	1.000000e+07
0.6	0.0001	1.0258729636660138	1.0257613007475352	0.000111	5e-06	0.999956	0.999894	0.9999777999999999	0.0	0.010697	0.999995	1.000000e+06
0.6	0.0001	1.0253234025074331	1.0252813122920368	0.000108	6e-06	0.999957	0.999893	0.99997	0.0	0.010594	0.999994	1.000000e+06
0.6	0.0002	1.0454552035021816	1.0453395386062092	0.000209	1.1e-05	0.999917	0.999804	0.9999576499999999	0.0	0.018672	0.999991	1.000000e+06
0.6	0.00030000000000000003	1.0668746633939108	1.0665811041840874	0.000323	1.3e-05	0.999882	0.999694	0.9999264999999997	0.0	0.025209	0.999988	1.000000e+06
0.6	0.0004	1.0842001701992008	1.0835563364253247	0.000429	1.8e-05	0.999851	0.999608	0.9999123524999999	0.0	0.029523	0.999988	1.000000e+06
0.6	0.0005	1.102768282465593	1.101775675240811	0.000556	2.7e-05	0.999824	0.999503	0.9999015549999994	0.0	0.039839	0.999982	1.000000e+06
0.6	0.0006000000000000001	1.1218183473054124	1.1207067503591077	0.00072	3.7e-05	0.999784	0.999367	0.9998769723749992	0.0	0.045665	0.999978	1.000000e+06
0.6	0.0007000000000000001	1.1451743984603069	1.1437292168848834	0.000826	4.8e-05	0.999739	0.999284	0.9998338248749996	0.0	0.054131	0.9999700343068959	1.000000e+06
0.6	0.0008000000000000001	1.1630756622256084	1.1611311448781005	0.000952	3.8e-05	0.99973	0.999189	0.9998445487809364	0.0	0.060783	0.9999760930318708	1.000000e+06
0.6	0.0009000000000000002	1.1809510020146696	1.1786527890332041	0.00106	5.4e-05	0.99969	0.999099	0.9998104944999997	0.0	0.068125	0.99997	1.000000e+06
0.6	0.0010000000000000002	1.2244638256333704	1.2209362071164662	0.001278	5.1e-05	0.999634	0.998951	0.999797827049686	0.0	0.08236	0.999965	1.000000e+06
0.6	0.001	1.2058917984543116	1.20316389842195	0.001247	6.4e-05	0.999644	0.99895	0.9997806372499991	0.0	0.07677	0.999966	1.000000e+06
0.6	0.002	1.381186453533665	1.3712395121804262	0.002718	0.00014	0.999377	0.998021	0.9995999439621848	0.0	0.138029	0.9999518957559903	1.000000e+06
0.6	0.003	1.5523503901979367	1.5275964572217235	0.004665	0.000302	0.999092	0.996999	0.9993556965180299	0.0	0.187592	0.9999153360720043	1.000000e+06
0.6	0.004	1.6936711170561873	1.6572898601216397	0.006835	0.000458	0.998873	0.995926	0.9991182106335785	0.0	0.243954	0.9998770097728381	1.000000e+06
0.6	0.005	1.827855720665208	1.7740152394594217	0.009143	0.000639	0.998642	0.995013	0.9989016243823651	0.0	0.282081	0.9998335168923315	1.000000e+06
0.6	0.006	1.9579508134841874	1.8849206826531977	0.011815	0.000875	0.998363	0.993856	0.9986219447155362	0.0	0.3222	0.9998137576151713	1.000000e+06
0.6	0.007	1.9999466512013462	1.9152822142495236	0.014192	0.001107	0.998286	0.993007	0.9984315030014211	0.0	0.339398	0.9997765308062146	1.000000e+06
0.6	0.008	2.1139755847492077	2.0117530698801294	0.017068	0.001359	0.998026	0.991946	0.9981111822517478	0.0	0.372919	0.9997239231269947	1.000000e+06
0.6	0.009000000000000001	2.093361855985497	1.9885334274434545	0.019009	0.001536	0.997939	0.991098	0.9979747527385049	0.0	0.365315	0.9997097538247702	1.000000e+06
0.6	0.010000000000000002	2.188448246494788	2.06871196995276	0.021679	0.001769	0.997698	0.990139	0.9976904352300643	0.0	0.397308	0.9996971741613947	1.000000e+06
0.6	0.01	2.1339711056131807	2.0158926756024504	0.021348	0.001692	0.997809	0.990088	0.9977961805333017	0.0	0.376069	0.9996656763596805	1.000000e+06
0.6	0.02	2.4117079927178184	2.215266660155345	0.048446	0.003963	0.995916	0.980125	0.9953635009849919	0.0	0.465512	0.9994050770619718	1.000000e+06
0.6	0.03	2.3998410695969192	2.1956989027966625	0.072623	0.005991	0.993994	0.970475	0.99307406135292	0.0	0.460861	0.999038932349291	1.000000e+06
0.6	0.04	2.414783494535734	2.209179453429571	0.097224	0.008063	0.991937	0.960904	0.9906650812569333	0.0	0.471352	0.9987331466311536	1.000000e+06
0.6	0.05	2.381273103729528	2.1758543520208535	0.119841	0.009943	0.990057	0.951703	0.9884837755998441	0.0	0.461204	0.9984228961098747	1.000000e+06
0.6	0.060000000000000005	2.4332126461524197	2.217957258117159	0.148017	0.012174	0.987826	0.941286	0.9858854863970468	0.0	0.477514	0.9980588355399213	1.000000e+06
0.6	0.07	2.434850120917896	2.209724646228325	0.173044	0.014133	0.985867	0.932243	0.9835901782398702	0.0	0.480706	0.9976703476549394	1.000000e+06
0.6	0.08	2.4131124523324807	2.191879041155492	0.197318	0.016055	0.983945	0.922752	0.981323011646238	0.0	0.47691	0.9974715779937406	1.000000e+06
0.6	0.09	2.4205629561837165	2.1927538277053804	0.222357	0.018221	0.981779	0.913713	0.9788330894746354	0.0	0.478662	0.9969956930808587	1.000000e+06
0.6	0.09999999999999999	2.419189439187535	2.1908826449033905	0.246851	0.01999	0.98001	0.904808	0.9766990190406752	0.0	0.477754	0.9967263348137801	1.000000e+06
0.6	0.1	2.403462516047295	2.176917795285676	0.244351	0.019677	0.980323	0.905463	0.9770442551305343	0.0	0.47613	0.9967276087335015	1.000000e+06
0.6	0.2	2.4105481089406617	2.155040492757396	0.500081	0.03972	0.96028	0.81897	0.9533596848852821	0.0	0.485759	0.9931368662032372	1.000000e+06
0.6	0.30000000000000004	2.4315663524351905	2.145816842605938	0.767275	0.059038	0.940962	0.740433	0.9299026790421553	0.0	0.5023	0.989538740651565	1.000000e+06
0.6	0.4	2.436175265303043	2.1233069099293425	1.035806	0.07699	0.92301	0.670294	0.9076054180285694	0.0	0.512204	0.985843507145734	1.000000e+06
0.6	0.5	2.4652215376669284	2.1203729177530626	1.323056	0.095203	0.904797	0.606265	0.8845722764969354	0.0	0.52704	0.9819307571690723	1.000000e+06
0.6	0.6	2.4819828930543326	2.1109980081622464	1.611436	0.113395	0.886605	0.548643	0.8615633715233232	0.0	0.539188	0.9780645787028347	1.000000e+06
0.6	0.7	2.5003197175222414	2.100415967367018	1.905417	0.129283	0.870717	0.496679	0.8405313767877887	0.0	0.550619	0.9742914214072843	1.000000e+06
0.6	0.7999999999999999	2.5269139898424626	2.097114936407925	2.209975	0.145653	0.854347	0.44996	0.818770119444058	0.0	0.562292	0.9700829714558639	1.000000e+06
0.6	0.8999999999999999	2.5530817250355877	2.0922287664411567	2.528179	0.16174	0.83826	0.406639	0.7972809159499751	0.0	0.573761	0.9660703919674584	1.000000e+06
0.6	0.9999999999999999	2.5724925051027867	2.085275918773741	2.836278	0.176576	0.823424	0.367927	0.7768952500990467	0.0	0.581867	0.9617676820038047	1.000000e+06
0.6	1.0	2.5915577871516873	2.0922128127300055	2.8484	0.1762	0.8238	0.3735	0.776496160640561	0.0	0.5891	0.9609985650647883	1.000000e+04
0.6	2.0	2.823028709000618	2.0494721855183	6.2613	0.2957	0.7043	0.137	0.5996737524523856	0.0	0.6614	0.920247965810204	1.000000e+04
0.6	3.0	3.1230232564066442	2.0101374876009137	10.1868	0.3742	0.6258	0.0511	0.4637256884561097	0.0	0.739	0.8766197708047075	1.000000e+04
0.6	4.0	3.1948311209960103	1.8800897850820686	13.7974	0.4394	0.5606	0.017	0.35672314424853935	0.0	0.7326	0.8296083607641429	1.000000e+04
0.6	5.0	3.304182302223143	1.75988328224428	17.4862	0.4941	0.5056	0.0067	0.27833498895768055	0.0003	0.7391	0.7854670597319219	1.000000e+04
0.6	6.0	3.362607153031996	1.6445238762727643	21.2018	0.5289	0.4707	0.0022	0.2183338883899573	0.0004	0.7374	0.7510877672161822	1.000000e+04
0.6	7.0	3.359584372331587	1.5339250432471898	24.4945	0.5514	0.4462	0.0011	0.176474543004546	0.0024	0.7392	0.7214702772703304	1.000000e+04
0.6	8.0	3.4373943546728536	1.4283953952702937	28.4488	0.5845	0.4086	0.0003	0.13446507671183058	0.0069	0.7337	0.6839651785600477	1.000000e+04
0.6	9.0	3.464795299375666	1.335866741649918	32.2021	0.601	0.3872	0.0002	0.10721158494424131	0.0118	0.733	0.6586433117729696	1.000000e+04
0.6	10.0	3.504541443038965	1.2383891658229118	36.0625	0.6274	0.3494	0.0	0.07953914212500338	0.0232	0.758	0.6162102100001525	1.000000e+04
0.6	10.0	3.4666088148149634	1.2373602066373788	35.6286	0.6252	0.3561	0.0	0.08311601132156587	0.0187	0.723	0.6226414051582387	1.000000e+04
0.6	20.0	2.8708522074384755	0.6856807748931576	58.5058	0.6902	0.1446	0.0	0.006868839998722768	0.1652	0.614	0.3247123402283215	1.000000e+04
0.6	30.0	2.1492957160344797	0.4610238893620368	65.3938	0.6907	0.0432	0.0	0.0005163555699858511	0.2661	0.5434	0.16402362085567915	1.000000e+04
0.6	40.0	1.6741356190746857	0.3498094184807054	68.0592	0.6835	0.0075	0.0	6.746083706151821e-05	0.309	0.5476	0.09804890853805005	1.000000e+04
0.6	50.0	1.325111009232357	0.27801176512579007	67.2916	0.6884	0.0006	0.0	1.6201823364360581e-06	0.311	0.5194	0.07279962265739948	1.000000e+04
0.6	60.0	1.118641199558133	0.23191116195319236	68.3333	0.6815	0.0001	0.0	1.6331004523557358e-07	0.3184	0.5363	0.059898270048798864	1.000000e+04
0.6	70.0	0.949780810086467	0.198931609743872	67.5029	0.6901	0.0	0.0	0.0	0.3099	0.5128	0.05261300448476156	1.000000e+04
0.6	80.0	0.8389144544435468	0.1739536911447384	68.2384	0.6821	0.0	0.0	0.0	0.3179	0.5331	0.0449077721110772	1.000000e+04
0.6	90.0	0.7413401984430756	0.15455126607651176	67.6925	0.6892	0.0	0.0	0.0	0.3108	0.529	0.04060580393160134	1.000000e+04
0.6	100.0	0.6710058338984427	0.1401141349025768	68.1245	0.6928	0.0	0.0	0.0	0.3072	0.5463	0.03750051796340729	1.000000e+04
