-1	0.001	0.9994755327178265	0.9994755327178265	0.99896	0.00104	0.99896	0.00104
-1	0.002	0.9989950394536082	0.9989950394536082	0.9981	0.0019	0.9981	0.0019
-1	0.003	0.9984607894820327	0.9984607894820327	0.99701	0.00299	0.99701	0.00299
-1	0.004	0.9981490122820773	0.9981502358790595	0.99628	0.00372	0.99626	0.00376
-1	0.005	0.9972924189238185	0.9972924189238185	0.99435	0.00565	0.99435	0.00565
-1	0.006	0.9968735705741162	0.9968743298335263	0.99389	0.00611	0.99388	0.00613
-1	0.007	0.996115577476103	0.996115577476103	0.99257	0.00743	0.99257	0.00743
-1	0.008	0.9960541471948255	0.9960550727059158	0.99217	0.00783	0.99215	0.00787
-1	0.009	0.9956671296239464	0.9956700734868814	0.99142	0.00858	0.99135	0.00872
-1	0.01	0.9952019704488224	0.9952027673910984	0.99036	0.00964	0.99034	0.00968
-1	0.02	0.9902958605235596	0.9903032238595888	0.98056	0.01944	0.98042	0.01972
-1	0.03	0.9855902624598417	0.9856113635990648	0.9709	0.0291	0.97047	0.02996
-1	0.04	0.9804176705815304	0.9804676579919136	0.96057	0.03943	0.95962	0.04137
-1	0.05	0.9767497935693487	0.9768098455778151	0.95178	0.04822	0.95054	0.05078
-1	0.06	0.9724404109431817	0.9725348759005521	0.94375	0.05625	0.94199	0.05993
-1	0.07	0.9681055886376551	0.968238930411935	0.93451	0.06549	0.93196	0.07085
-1	0.08	0.9635071044857773	0.9636520908095403	0.92553	0.07447	0.92268	0.08045
-1	0.09	0.9593822603351356	0.9595632598479591	0.91705	0.08295	0.91343	0.09041
-1	0.1	0.9561514044199158	0.9563643031359063	0.90904	0.09096	0.90484	0.09984
-1	0.2	0.9216662001973573	0.9225027042247996	0.83409	0.16591	0.81951	0.19929
-1	0.3	0.894059351244338	0.8958098113905091	0.76949	0.23051	0.74148	0.29927
-1	0.4	0.8709135365268668	0.8739339480232551	0.71171	0.28829	0.66826	0.40243
-1	0.5	0.8525996250299337	0.8569974685300534	0.66567	0.33433	0.60581	0.49945
-1	0.6	0.8387624425793339	0.8449129357187583	0.62557	0.37443	0.54941	0.59949
-1	0.7	0.8256066708654233	0.8337196369949833	0.58749	0.41251	0.49528	0.70105
-1	0.8	0.8188070877499741	0.8292009823227571	0.55722	0.44278	0.45057	0.8023
-1	0.9	0.8093318393033069	0.8219408672452752	0.52699	0.47301	0.40607	0.90003
-1	1.0	0.799598414533523	0.8143344180002798	0.49891	0.50109	0.36724	0.99639
-1	2.0	0.7604813821999861	0.8109579245657615	0.33416	0.66584	0.13549	2.00384
-1	3.0	0.7274720926132355	0.8242916017411839	0.249	0.751	0.05063	2.9789
-1	4.0	0.6961905674484503	0.8505351869247559	0.19843	0.80157	0.01836	4.01317
-1	5.0	0.655347466726208	0.866913082540987	0.16556	0.83444	0.00671	5.00342
-1	6.0	0.6151728492495468	0.8851641451611411	0.14416	0.85583	0.0026	6.02425
-1	7.0	0.5675431390586954	0.8848825919269668	0.12359	0.87639	0.00111	6.93429
-1	8.0	0.5316853905982334	0.9066935946828125	0.1119	0.8879	0.00038	8.02913
-1	9.0	0.4968991258696947	0.9192438392141841	0.1016	0.89796	0.00017	9.06356
-1	10.0	0.4557421109453417	0.9132637155903084	0.08852	0.90981	8e-05	9.95672
-1	20.0	0.247326105959651	0.7733187982463591	0.02844	0.93236	0.0	16.33765
-1	30.0	0.16674072206469318	0.5699168446777357	0.0049	0.93236	0.0	17.95499
-1	40.0	0.1237664836483159	0.42412115730090655	0.00044	0.93333	0.0	17.82462
-1	50.0	0.09914792848937688	0.34189669350482416	4e-05	0.9324	0.0	17.94283
-1	60.0	0.08279153264757141	0.2843756761961161	0.0	0.93327	0.0	17.92146
-1	70.0	0.070975490522599	0.24420093930428913	0.0	0.93212	0.0	17.96053
-1	80.0	0.0619768547587764	0.21484489848849891	0.0	0.93171	0.0	18.04053
-1	90.0	0.054973277848505475	0.18873192529564042	0.0	0.93316	0.0	17.86105
-1	100.0	0.04955499508167875	0.1702370777512906	0.0	0.93268	0.0	17.8895
-0.5	0.001	0.9999183039975997	0.999919182658416	0.99921	0.00079	0.99909	0.00092
-0.5	0.002	1.001632075094669	1.001632075094669	0.9983	0.0017	0.99802	0.00198
-0.5	0.003	1.0068340762365435	1.0072015365754552	0.99732	0.00268	0.99684	0.00318
-0.5	0.004	1.002038268020217	1.0021273520585223	0.99676	0.00324	0.99611	0.00393
-0.5	0.005	1.000876287329236	1.0009835815887922	0.996	0.004	0.99516	0.00489
-0.5	0.006	1.0008468974698173	1.0008618691215174	0.99541	0.00459	0.9943	0.00575
-0.5	0.007	1.0028202570326805	1.0029174496508093	0.9943	0.0057	0.99304	0.007
-0.5	0.008	1.0013405328356058	1.001414323707972	0.99337	0.00663	0.99232	0.00779
-0.5	0.009	1.0000313239948169	1.0001028379180275	0.99262	0.00738	0.99114	0.00903
-0.5	0.01	1.001930292178138	1.0020355595009196	0.99185	0.00815	0.99026	0.00986
-0.5	0.02	1.0026861041269879	1.0029826445231023	0.98414	0.01586	0.98075	0.01992
-0.5	0.03	1.0081147935157746	1.0088358158431925	0.9762	0.0238	0.97039	0.03119
-0.5	0.04	1.005221268324242	1.005989851670482	0.96831	0.03169	0.96101	0.04144
-0.5	0.05	1.00821597375483	1.0093670427038175	0.96048	0.03952	0.95133	0.0526
-0.5	0.06	1.0063061798443014	1.00757914966012	0.95198	0.04802	0.94125	0.06417
-0.5	0.07	1.0066424109288628	1.0081403911616138	0.94464	0.05536	0.93215	0.07464
-0.5	0.08	1.0136556960592533	1.0156438894984483	0.9393	0.0607	0.9244	0.08421
-0.5	0.09	1.0114192747337571	1.0135685915586377	0.93122	0.06878	0.91392	0.09686
-0.5	0.1	1.010087893577012	1.0127059079852814	0.92377	0.07623	0.90493	0.10848
-0.5	0.2	1.0299490079503024	1.03734862755879	0.85906	0.14094	0.81803	0.23242
-0.5	0.3	1.0437957639406836	1.0567389981852329	0.8035	0.1965	0.74162	0.35994
-0.5	0.4	1.0723819310919336	1.0932368171418156	0.75679	0.24321	0.67154	0.50415
-0.5	0.5	1.0932305530954176	1.1223830896537779	0.71302	0.28698	0.60674	0.65712
-0.5	0.6	1.1228803192183314	1.162244059325548	0.67568	0.32432	0.54861	0.82141
-0.5	0.7	1.1444235358152202	1.1948482798926783	0.64007	0.35993	0.49647	0.98656
-0.5	0.8	1.1613155814608027	1.2221649709040392	0.608	0.392	0.44941	1.1593
-0.5	0.9	1.187468903951147	1.261751149929966	0.57923	0.42077	0.40558	1.34219
-0.5	1.0	1.202200043578307	1.287865917427817	0.55565	0.44435	0.36972	1.51968
-0.5	2.0	1.33813641990676	1.6002408282994491	0.3819	0.6181	0.13611	3.65884
-0.5	3.0	1.3368492371266538	1.8077189336366157	0.28382	0.71618	0.04924	6.03101
-0.5	4.0	1.2650612867250053	1.964478294016514	0.2305	0.7695	0.01839	8.56443
-0.5	5.0	1.1602792643337767	2.0520935831420926	0.18791	0.81186	0.00681	11.04296
-0.5	6.0	1.058854392204587	2.1357190834379804	0.16508	0.8334	0.0024	13.62613
-0.5	7.0	0.949759799378365	2.1553971687146034	0.14285	0.85213	0.00105	15.91909
-0.5	8.0	0.8639372758529524	2.1882386591912977	0.12238	0.86573	0.00037	18.38629
-0.5	9.0	0.7846095954769237	2.1738235248951967	0.10535	0.87382	0.00021	20.45535
-0.5	10.0	0.7133694325349841	2.1188469514126105	0.08782	0.87965	3e-05	22.07998
-0.5	20.0	0.3651579176293529	1.3639828466393193	0.00802	0.8857	0.0	28.19295
-0.5	30.0	0.24372112092627504	0.9244985498201701	0.00015	0.88426	0.0	28.64101
-0.5	40.0	0.18267955175852893	0.6934334586662616	1e-05	0.88393	0.0	28.65939
-0.5	50.0	0.1454830568618969	0.548214051435929	0.0	0.88615	0.0	28.33166
-0.5	60.0	0.12095653370949694	0.45683810894821897	0.0	0.88552	0.0	28.33606
-0.5	70.0	0.10438013001417555	0.394393221546041	0.0	0.88593	0.0	28.49983
-0.5	80.0	0.09093378456333066	0.3428516587322832	0.0	0.88613	0.0	28.34622
-0.5	90.0	0.0813754003487038	0.308926163366893	0.0	0.88323	0.0	28.7172
-0.5	100.0	0.07316972213513474	0.2771346387183006	0.0	0.88451	0.0	28.6358
-0.1	0.001	1.0041247000487445	1.0041247000487445	0.99942	0.00058	0.99896	0.00104
-0.1	0.002	1.0017762751355799	1.0018317532540815	0.99879	0.00121	0.99797	0.00205
-0.1	0.003	1.0039594239819072	1.004042635422476	0.9982	0.0018	0.99713	0.0029
-0.1	0.004	1.0062833522387777	1.0063988390415148	0.99754	0.00246	0.99577	0.00428
-0.1	0.005	1.0034212534044848	1.0034607921920844	0.9972	0.0028	0.995	0.00507
-0.1	0.006	1.0081038705472254	1.0083217870334553	0.99647	0.00353	0.99418	0.00592
-0.1	0.007	1.0074197424148543	1.007434022728096	0.99626	0.00374	0.99308	0.00698
-0.1	0.008	1.0066718083604094	1.0069015197232327	0.99529	0.00471	0.99197	0.00825
-0.1	0.009	1.0117273631875396	1.0117899304685467	0.99492	0.00508	0.99105	0.00911
-0.1	0.01	1.0080824554018044	1.0083436617750525	0.99427	0.00573	0.99023	0.01012
-0.1	0.02	1.0168288829882073	1.0173494732017097	0.98836	0.01164	0.97987	0.02109
-0.1	0.03	1.0243534531562901	1.0253222081670368	0.98244	0.01756	0.97003	0.03208
-0.1	0.04	1.0318979780051047	1.0331282900228396	0.97766	0.02234	0.96079	0.04297
-0.1	0.05	1.0350715167019608	1.036619971060756	0.97249	0.02751	0.95187	0.05313
-0.1	0.06	1.0390335319768436	1.041010673571031	0.96684	0.03316	0.94154	0.0657
-0.1	0.07	1.0480311478432913	1.0505187232102988	0.96113	0.03887	0.9322	0.07765
-0.1	0.08	1.0543904234868762	1.057446906049192	0.95588	0.04412	0.92284	0.08924
-0.1	0.09	1.0547788062112622	1.058220268081505	0.95056	0.04944	0.91395	0.10137
-0.1	0.1	1.063853080320965	1.0678823620187212	0.94639	0.05361	0.90576	0.11279
-0.1	0.2	1.1069759507311434	1.1167144852881319	0.89762	0.10238	0.81962	0.24473
-0.1	0.3	1.1415462601226585	1.1576319623874345	0.85512	0.14488	0.74277	0.38527
-0.1	0.4	1.1765761317004442	1.2003380223085767	0.81441	0.18559	0.6708	0.54277
-0.1	0.5	1.2059398737010976	1.2390134233875998	0.77864	0.22136	0.6098	0.70189
-0.1	0.6	1.2368045259097302	1.2791293281079998	0.74436	0.25564	0.55029	0.87819
-0.1	0.7	1.2607371217982701	1.3134261807380485	0.71134	0.28866	0.49728	1.05807
-0.1	0.8	1.2922861031803243	1.3571628443333457	0.68493	0.31507	0.44934	1.24382
-0.1	0.9	1.3171074102459412	1.3943591511928373	0.65596	0.34404	0.40623	1.44197
-0.1	1.0	1.316320670325141	1.4024532323033407	0.63271	0.36729	0.3691	1.60851
-0.1	2.0	1.4433687336778236	1.6877774835964374	0.458	0.542	0.13825	3.79324
-0.1	3.0	1.4389227553174022	1.8711814810401837	0.35363	0.64637	0.0498	6.18206
-0.1	4.0	1.374755798784428	2.009382571381449	0.28983	0.71016	0.01912	8.70701
-0.1	5.0	1.2760774704410183	2.0925900714431203	0.24281	0.75713	0.00686	11.19389
-0.1	6.0	1.160961581755325	2.1305189519241434	0.20854	0.79107	0.00245	13.56579
-0.1	7.0	1.0681218964732193	2.2015141125122892	0.1838	0.8137	0.0009	16.23608
-0.1	8.0	0.9735287430786749	2.204156280468665	0.16308	0.83153	0.00027	18.46052
-0.1	9.0	0.889286100537076	2.2156548682595654	0.14295	0.84536	0.00012	20.79711
-0.1	10.0	0.8149874893936141	2.207827392275805	0.12557	0.85311	3e-05	22.94905
-0.1	20.0	0.4223734801747118	1.5563588168757767	0.01942	0.86852	0.0	32.01917
-0.1	30.0	0.28183378528759123	1.0644503578918714	0.00114	0.86871	0.0	32.87171
-0.1	40.0	0.2104651571170329	0.7952090119033234	2e-05	0.86769	0.0	32.7233
-0.1	50.0	0.16900876328381872	0.6401776049922645	0.0	0.86675	0.0	32.87933
-0.1	60.0	0.14073938797310803	0.5308572261233818	0.0	0.86882	0.0	32.75919
-0.1	70.0	0.12058272121219381	0.45470377269756485	0.0	0.86875	0.0	32.73239
-0.1	80.0	0.10611657665600367	0.40401290187029054	0.0	0.86556	0.0	33.21535
-0.1	90.0	0.09360373173766051	0.35250372577562605	0.0	0.8686	0.0	32.6123
-0.1	100.0	0.08400536975099072	0.3148260838634664	0.0	0.87012	0.0	32.39697
0.1	0.001	1.0009825540698016	1.0009825540698016	0.99957	0.00043	0.99895	0.00105
0.1	0.002	1.0020962776264166	1.0020969896962717	0.99912	0.00088	0.99785	0.00216
0.1	0.003	1.0030934987983104	1.0031212074685332	0.9988	0.0012	0.99686	0.00318
0.1	0.004	1.0074393154536097	1.0076214791669311	0.99848	0.00152	0.99618	0.00383
0.1	0.005	1.0107999815724897	1.0111264702453548	0.99772	0.00228	0.99502	0.00512
0.1	0.006	1.0040846667169394	1.0041245677300428	0.99781	0.00219	0.99461	0.00547
0.1	0.007	1.00781068880682	1.0080640219373806	0.99698	0.00302	0.99335	0.00686
0.1	0.008	1.0090858473557343	1.009188092037152	0.99667	0.00333	0.99228	0.00781
0.1	0.009	1.0124556240633058	1.0128401313293842	0.99585	0.00415	0.99049	0.00977
0.1	0.01	1.0107837752541522	1.010997775449221	0.99564	0.00436	0.98969	0.01065
0.1	0.02	1.024130746288636	1.0247952593250944	0.99158	0.00842	0.98052	0.02028
0.1	0.03	1.0289573337450588	1.0297686532608445	0.98761	0.01239	0.97011	0.03181
0.1	0.04	1.0329071769523919	1.0341219845757068	0.98302	0.01698	0.96043	0.0433
0.1	0.05	1.0397348757863718	1.0412753230110252	0.97922	0.02078	0.95149	0.05365
0.1	0.06	1.052786880225402	1.055153135238815	0.97478	0.02522	0.94167	0.06577
0.1	0.07	1.0526501309925058	1.0549802517735607	0.97127	0.02873	0.93258	0.07693
0.1	0.08	1.062249994303861	1.0654880719389332	0.96767	0.03233	0.92536	0.08675
0.1	0.09	1.0639519623185074	1.0673007024942598	0.96353	0.03647	0.91535	0.09992
0.1	0.1	1.0743981750403706	1.078270314525478	0.95965	0.04035	0.90551	0.11244
0.1	0.2	1.1237362309981944	1.1329180033204682	0.92076	0.07924	0.81829	0.24558
0.1	0.3	1.1638060472435923	1.1791758793097797	0.8865	0.1135	0.74226	0.38348
0.1	0.4	1.2029382022132018	1.2266688862528194	0.8526	0.1474	0.67189	0.54087
0.1	0.5	1.237318250952877	1.2699428428533368	0.82017	0.17983	0.60629	0.71232
0.1	0.6	1.2636737390675206	1.3056299998740908	0.78875	0.21125	0.54856	0.88251
0.1	0.7	1.2881112462826387	1.3385275946093456	0.76242	0.23758	0.49926	1.04961
0.1	0.8	1.3170157054157663	1.3788558525221366	0.73784	0.26216	0.44971	1.23895
0.1	0.9	1.335338254253234	1.4087628165527177	0.71049	0.28951	0.40865	1.42876
0.1	1.0	1.3656285316818146	1.452774129468507	0.6877	0.3123	0.36813	1.63847
0.1	2.0	1.4753701360291973	1.7076366750090362	0.51188	0.48812	0.13563	3.80033
0.1	3.0	1.479961468089706	1.8886049637085618	0.40719	0.59281	0.04918	6.19233
0.1	4.0	1.4179426020463224	2.0119983309903273	0.33402	0.66598	0.01832	8.69052
0.1	5.0	1.327163252351517	2.0949853852209572	0.2843	0.7157	0.00668	11.17982
0.1	6.0	1.2299313848645443	2.163372813336466	0.24814	0.75166	0.00245	13.71438
0.1	7.0	1.1248029970197342	2.1911672496605346	0.21731	0.78163	0.00086	16.12904
0.1	8.0	1.0303961634826178	2.2067757410785007	0.19338	0.80321	0.00023	18.46159
0.1	9.0	0.9477783007826086	2.226221760421902	0.17021	0.82203	8e-05	20.89578
0.1	10.0	0.87629635616673	2.2338044913033275	0.15377	0.83186	4e-05	23.18895
0.1	20.0	0.4611574997783186	1.6802986906582047	0.03319	0.85487	0.0	34.49105
0.1	30.0	0.30719697355792797	1.1708585454849147	0.00332	0.8537	0.0	36.01743
0.1	40.0	0.23076173179160447	0.8803832159848223	0.00011	0.85349	0.0	36.09868
0.1	50.0	0.18451495595594242	0.7069566593807584	0.0	0.85203	0.0	36.19685
0.1	60.0	0.1537955547268478	0.5838341285091108	0.0	0.85579	0.0	35.93194
0.1	70.0	0.13203684061661325	0.5044561804782592	0.0	0.85281	0.0	36.22786
0.1	80.0	0.11611144796024463	0.4413131084712513	0.0	0.85365	0.0	36.19462
0.1	90.0	0.10232084927640779	0.3894696904955849	0.0	0.85506	0.0	35.91641
0.1	100.0	0.09246913650708945	0.3522508636692977	0.0	0.85286	0.0	36.12517
0.5	0.001	1.0003722985995391	1.0003722985995391	0.99983	0.00017	0.999	0.001
0.5	0.002	1.0020577324872797	1.0020940788178399	0.99968	0.00032	0.9979	0.00212
0.5	0.003	1.0024703990091923	1.0025032290421678	0.99952	0.00048	0.99693	0.0031
0.5	0.004	1.0023882234185486	1.0024168190401799	0.99924	0.00076	0.99625	0.00378
0.5	0.005	1.0019293479889708	1.001931047348885	0.99935	0.00065	0.99518	0.00484
0.5	0.006	1.0044556528764388	1.0046088803072033	0.99897	0.00103	0.99399	0.00608
0.5	0.007	1.0038979609356498	1.0039350624017407	0.99875	0.00125	0.99274	0.00735
0.5	0.008	1.0058524352570974	1.0058840987692326	0.99881	0.00119	0.9922	0.00791
0.5	0.009	1.0077123490500604	1.0079871903087991	0.9986	0.0014	0.99145	0.00879
0.5	0.01	1.0099176380572743	1.0101946422523498	0.99815	0.00185	0.99033	0.00989
0.5	0.02	1.0161631209638593	1.0165007125922165	0.99654	0.00346	0.97979	0.02088
0.5	0.03	1.0239650474906998	1.024659639161535	0.99466	0.00534	0.97043	0.03116
0.5	0.04	1.0256758848478678	1.0263984021192	0.99325	0.00675	0.96066	0.04178
0.5	0.05	1.0290525264670276	1.029933782082281	0.99122	0.00878	0.95033	0.05336
0.5	0.06	1.0326008049823603	1.0336525329783801	0.98968	0.01032	0.94258	0.06216
0.5	0.07	1.0396685705168502	1.0411996652439606	0.98739	0.01261	0.93164	0.07516
0.5	0.08	1.0429341886630998	1.0446076598260134	0.98613	0.01387	0.92283	0.08582
0.5	0.09	1.0494548494733031	1.0515459774724685	0.98397	0.01603	0.91367	0.09754
0.5	0.1	1.0550381559882942	1.0575831264621174	0.98238	0.01762	0.90589	0.10785
0.5	0.2	1.0970063136729735	1.1038170428331682	0.96375	0.03625	0.81758	0.23105
0.5	0.3	1.1344402829648543	1.14631301653698	0.94688	0.05312	0.74031	0.36141
0.5	0.4	1.1637992895068154	1.1818377429425997	0.92783	0.07217	0.67098	0.49815
0.5	0.5	1.1984718290663654	1.2239537463612433	0.91032	0.08968	0.60813	0.64793
0.5	0.6	1.2274328832443095	1.2608520279211752	0.89131	0.10869	0.54657	0.81238
0.5	0.7	1.2538547004468212	1.2957760511402256	0.87392	0.12608	0.49576	0.97304
0.5	0.8	1.274574114518981	1.3248485986822536	0.85857	0.14143	0.45003	1.13777
0.5	0.9	1.293517570203941	1.3537514122774077	0.83953	0.16047	0.40698	1.31559
0.5	1.0	1.3185352421056213	1.388973239995834	0.82398	0.17602	0.36585	1.49615
0.5	2.0	1.4534385642778276	1.6495028252582757	0.68326	0.31674	0.13436	3.55445
0.5	3.0	1.4832091545942137	1.8207568030289494	0.57153	0.42847	0.0492	5.84503
0.5	4.0	1.4589343022455301	1.9463345241546566	0.49236	0.50764	0.01866	8.26288
0.5	5.0	1.4105648186886743	2.054451784971586	0.42965	0.57035	0.00627	10.82953
0.5	6.0	1.330435317169868	2.1034835820823945	0.3815	0.61847	0.00225	13.22723
0.5	7.0	1.255349137937931	2.166798574682581	0.34643	0.65339	0.00103	15.85015
0.5	8.0	1.1742067050873686	2.1944808009018093	0.31119	0.68843	0.00035	18.24846
0.5	9.0	1.1025625919247404	2.2473614687384944	0.28442	0.71395	0.00013	20.94523
0.5	10.0	1.0320472405684167	2.2639945424513335	0.26535	0.73072	6e-05	23.37348
0.5	20.0	0.572578256108118	2.0059794528961037	0.0994	0.80215	0.0	40.96974
0.5	30.0	0.3840302039083886	1.5039580578813483	0.0242	0.80431	0.0	45.97842
0.5	40.0	0.2874584430979637	1.1458136715902252	0.0037	0.80413	0.0	46.72966
0.5	50.0	0.2313404266477428	0.9273720081138576	0.00033	0.80264	0.0	47.21317
0.5	60.0	0.19304899074068424	0.774972476889124	3e-05	0.80119	0.0	47.33823
0.5	70.0	0.16486946713143927	0.6603737931418093	0.0	0.80319	0.0	47.08359
0.5	80.0	0.14436350460123734	0.5794867599843994	0.0	0.80196	0.0	47.22058
0.5	90.0	0.12841063885268403	0.5119876299813041	0.0	0.80461	0.0	46.90232
0.5	100.0	0.11533583904632912	0.46094891247520514	0.0	0.80455	0.0	46.9383
0.9	0.001	1.000138762469728	1.000138762469728	0.99999	1e-05	0.99896	0.00104
0.9	0.002	1.000167212214575	1.0001700103325344	0.99998	2e-05	0.99808	0.00193
0.9	0.003	1.0001674862730348	1.000168479376345	0.99993	7e-05	0.99715	0.00287
0.9	0.004	1.0001522339621127	1.0001526101082925	0.99991	9e-05	0.9963	0.00371
0.9	0.005	1.0007697696368851	1.0007760863348902	0.99988	0.00012	0.99487	0.00515
0.9	0.006	1.000368885552238	1.0003693923475607	0.9999	0.0001	0.9941	0.00591
0.9	0.007	1.0010090123120436	1.0010384202594587	0.99987	0.00013	0.99299	0.00706
0.9	0.008	1.000469557388652	1.0004733565015418	0.99983	0.00017	0.99198	0.00808
0.9	0.009	1.0009378814823904	1.0009397678466516	0.99987	0.00013	0.99085	0.00921
0.9	0.01	1.002600853621967	1.0026051618436116	0.99982	0.00018	0.99047	0.0096
0.9	0.02	1.001551114070956	1.0015742209122431	0.99936	0.00064	0.9799	0.02034
0.9	0.03	1.0039358425727216	1.0040673104459323	0.99914	0.00086	0.97085	0.02979
0.9	0.04	1.004568580080994	1.0047885606072358	0.99897	0.00103	0.9603	0.0408
0.9	0.05	1.006164966714574	1.0064672843367835	0.99895	0.00105	0.9527	0.04882
0.9	0.06	1.0072243257114357	1.0076036977663398	0.99843	0.00157	0.94124	0.06114
0.9	0.07	1.009214572214643	1.009653496613553	0.9981	0.0019	0.93283	0.07033
0.9	0.08	1.0097908012251686	1.0103880682602693	0.99805	0.00195	0.92413	0.08031
0.9	0.09	1.0107121503508112	1.0114158891531866	0.99799	0.00201	0.91244	0.09273
0.9	0.1	1.0124728590022216	1.0132123037609861	0.99774	0.00226	0.90484	0.10157
0.9	0.2	1.0200428629410347	1.0220567995379954	0.99515	0.00485	0.81911	0.20538
0.9	0.3	1.0290867269106125	1.0331530948305327	0.99305	0.00695	0.74303	0.31059
0.9	0.4	1.0394279097638193	1.0460764168924646	0.99082	0.00918	0.67242	0.41923
0.9	0.5	1.0463249112801787	1.0557320613667274	0.98738	0.01262	0.60484	0.53618
0.9	0.6	1.052075566993844	1.0648031168302574	0.98514	0.01486	0.5481	0.64874
0.9	0.7	1.059640538573901	1.0767284501242087	0.98217	0.01783	0.49649	0.7651
0.9	0.8	1.067216071714801	1.0876927812125308	0.97956	0.02044	0.44856	0.88286
0.9	0.9	1.0720576187355073	1.0968350464367793	0.97702	0.02298	0.40606	1.0009
0.9	1.0	1.0829955116887007	1.1139150993768367	0.97366	0.02634	0.36828	1.13351
0.9	2.0	1.1258307260274818	1.2142642975771254	0.94404	0.05596	0.13723	2.46733
0.9	3.0	1.1523874149067919	1.3137805171634371	0.91184	0.08816	0.04854	4.02138
0.9	4.0	1.1672872816167486	1.411966667549878	0.87833	0.12167	0.01902	5.74252
0.9	5.0	1.1700806449402497	1.5024324120075374	0.84417	0.15583	0.00738	7.65551
0.9	6.0	1.1605942132079352	1.5784254325766727	0.81254	0.18746	0.00246	9.64893
0.9	7.0	1.144966400258379	1.6514916742252768	0.78161	0.21839	0.00081	11.76916
0.9	8.0	1.122227783605799	1.7176522985572202	0.74806	0.25193	0.00033	14.03195
0.9	9.0	1.1021012837773687	1.7869125650427473	0.72075	0.27922	0.00021	16.35722
0.9	10.0	1.0730316958250994	1.8353327133049149	0.69254	0.30731	4e-05	18.66433
0.9	20.0	0.7670399415551555	2.115944668979167	0.48811	0.49238	0.0	42.81523
0.9	30.0	0.554987654856508	2.072406966796938	0.3308	0.56122	0.0	62.72385
0.9	40.0	0.4238552634398711	1.8702415418222256	0.20047	0.57714	0.0	75.39408
0.9	50.0	0.3409986902915922	1.6251407925505592	0.11185	0.57648	0.0	81.87631
0.9	60.0	0.2846975954292057	1.4052121981122199	0.05417	0.57694	0.0	84.91832
0.9	70.0	0.2439910113964273	1.2224357993235901	0.02287	0.57797	0.0	86.11949
0.9	80.0	0.2134631311221171	1.0769315936573363	0.00767	0.57626	0.0	86.72637
0.9	90.0	0.18954912527430767	0.956725795389362	0.00274	0.57683	0.0	86.74507
0.9	100.0	0.17084837916653506	0.8607258978405511	0.00079	0.57738	0.0	86.67475
0.99	0.001	1.0000014746965382	1.0000014746965382	1.0	0.0	0.99905	0.00095
0.99	0.002	1.0000096944489214	1.0000096944489214	1.0	0.0	0.998	0.002
0.99	0.003	1.0000119938369514	1.0000124134748474	1.0	0.0	0.997	0.00301
0.99	0.004	1.0000355356431119	1.0000355356431119	1.0	0.0	0.99619	0.00381
0.99	0.005	1.0000501285791255	1.0000503865749009	1.0	0.0	0.99511	0.0049
0.99	0.006	1.0000262621978073	1.0000272581775826	0.99999	1e-05	0.9939	0.00613
0.99	0.007	1.0001441982841817	1.0001446412309825	0.99998	2e-05	0.99319	0.00682
0.99	0.008	1.0000610224366202	1.000061591708432	0.99999	1e-05	0.99238	0.00764
0.99	0.009	1.0000743677674053	1.0000748669376043	1.0	0.0	0.99053	0.00948
0.99	0.01	1.0000617156740033	1.0000651105859415	0.99998	2e-05	0.99008	0.01001
0.99	0.02	1.0000798430102285	1.000085318740081	0.99996	4e-05	0.98078	0.01937
0.99	0.03	1.0013074944697433	1.0014508670366702	0.99997	3e-05	0.96985	0.03073
0.99	0.04	1.000143618475907	1.000169216453315	0.99988	0.00012	0.96027	0.04045
0.99	0.05	1.0012045407855998	1.0013551837644876	0.99983	0.00017	0.95146	0.04991
0.99	0.06	1.0004297401887632	1.0004920731680729	0.99989	0.00011	0.94152	0.06019
0.99	0.07	1.0013020270093709	1.0015004300455128	0.99981	0.00019	0.93254	0.07
0.99	0.08	1.0006619691904184	1.000801655704447	0.99981	0.00019	0.92475	0.07842
0.99	0.09	1.0004999118763003	1.0006494760800801	0.99985	0.00015	0.91513	0.08893
0.99	0.1	1.000836712725498	1.001121033794915	0.99975	0.00025	0.90663	0.09809
0.99	0.2	1.0015813112280152	1.002447293672245	0.99968	0.00032	0.81655	0.20372
0.99	0.3	1.0023837921827599	1.0043187324209468	0.99942	0.00058	0.74076	0.30112
0.99	0.4	1.0028990777736546	1.0059574509078621	0.99907	0.00093	0.67209	0.39963
0.99	0.5	1.0019382082344555	1.0065608551697887	0.99893	0.00107	0.6072	0.50361
0.99	0.6	1.0021565291595265	1.0086257804887313	0.99871	0.00129	0.55006	0.60427
0.99	0.7	1.0019979061699948	1.011333900609257	0.99852	0.00148	0.49677	0.71076
0.99	0.8	1.0007764186052823	1.011204477679542	0.99844	0.00156	0.44767	0.81444
0.99	0.9	1.0004817333887828	1.0135906355995408	0.99788	0.00212	0.40799	0.91191
0.99	1.0	0.9977850913148212	1.0122097629135431	0.99786	0.00214	0.36767	1.011
0.99	2.0	0.9840003870834594	1.027565345781276	0.99548	0.00452	0.13559	2.0545
0.99	3.0	0.9632977701270498	1.0364330381876623	0.9937	0.0063	0.05054	3.11487
0.99	4.0	0.9441767713747464	1.0512847594415828	0.99099	0.00901	0.01896	4.2131
0.99	5.0	0.9241619636523155	1.062002916379017	0.9884	0.01159	0.00663	5.31432
0.99	6.0	0.9040266899089006	1.0719644538478212	0.98604	0.01396	0.00249	6.44415
0.99	7.0	0.8851875161691082	1.086976592484136	0.98358	0.0164	0.00111	7.63499
0.99	8.0	0.8666844467310573	1.0961485151007238	0.98171	0.01826	0.00038	8.78107
0.99	9.0	0.8475743986289324	1.1086396301738335	0.97948	0.02033	0.00014	10.00497
0.99	10.0	0.8297495093514162	1.119038935403442	0.9763	0.02336	5e-05	11.21469
0.99	20.0	0.6689992935475169	1.2206717329216878	0.94596	0.04936	0.0	24.46406
0.99	30.0	0.5435608901455016	1.3016089414807093	0.90683	0.07392	0.0	39.11961
0.99	40.0	0.4479341749341494	1.3558350861193833	0.8589	0.09037	0.0	54.38061
0.99	50.0	0.3761222310090127	1.3834891343972797	0.80183	0.09962	0.0	69.28442
0.99	60.0	0.32105279944972537	1.3858484748343807	0.73976	0.10243	0.0	83.24509
0.99	70.0	0.2787685143573185	1.3668274171951862	0.66584	0.103	0.0	95.8035
0.99	80.0	0.24557591063714862	1.3296822930041914	0.58722	0.10588	0.0	106.42706
0.99	90.0	0.21891570514693012	1.2825389248792212	0.49342	0.10505	0.0	115.52421
0.99	100.0	0.1970969965966551	1.2227831822878041	0.39439	0.10537	0.0	122.3482
1	0.001	1.0	1.0	1.0	0.0	0.99893	0.00107
1	0.002	1.0	1.0	1.0	0.0	0.99824	0.00176
1	0.003	0.99999939689945	1.0	1.0	0.0	0.99663	0.00339
1	0.004	0.9999997791852281	1.0	1.0	0.0	0.99592	0.00409
1	0.005	0.9999993390004955	0.9999999999999999	1.0	0.0	0.99506	0.00496
1	0.006	0.9999995800537829	1.0	1.0	0.0	0.99388	0.00613
1	0.007	1.0	1.0	1.0	0.0	0.99254	0.00746
1	0.008	0.999999582084961	1.0	1.0	0.0	0.99198	0.00803
1	0.009	0.9999995813504942	1.0	1.0	0.0	0.99063	0.00938
1	0.01	0.9999988000246854	1.0000000000000002	1.0	0.0	0.99009	0.00995
1	0.02	0.9999928951828381	0.9999999999999999	1.0	0.0	0.98029	0.01992
1	0.03	0.9999862621799273	0.9999999999999996	1.0	0.0	0.97095	0.02947
1	0.04	0.9999719146515617	1.0000000000000002	1.0	0.0	0.96048	0.04033
1	0.05	0.9999654298102983	0.9999999999999992	1.0	0.0	0.95081	0.05023
1	0.06	0.9999374907360155	0.9999999999999984	1.0	0.0	0.94062	0.0614
1	0.07	0.9999211570166673	1.0000000000000002	1.0	0.0	0.93215	0.0703
1	0.08	0.9998984508423375	1.0000000000000007	1.0	0.0	0.9245	0.07859
1	0.09	0.9998729250075029	0.9999999999999994	1.0	0.0	0.91396	0.08991
1	0.1	0.99983891798511	0.9999999999999986	1.0	0.0	0.90469	0.10011
1	0.2	0.9993831760752255	1.0	1.0	0.0	0.8184	0.20017
1	0.3	0.998650107789794	1.000000000000002	1.0	0.0	0.74054	0.30067
1	0.4	0.9977287824014254	1.000000000000001	1.0	0.0	0.67004	0.39962
1	0.5	0.99653431330829	0.9999999999999991	1.0	0.0	0.6045	0.50137
1	0.6	0.9951356486717521	1.0000000000000062	1.0	0.0	0.5504	0.59937
1	0.7	0.9936672001650444	0.9999999999999994	1.0	0.0	0.49442	0.70299
1	0.8	0.9919044286312514	0.9999999999999952	1.0	0.0	0.44735	0.80449
1	0.9	0.9903387574492607	0.9999999999999877	1.0	0.0	0.40481	0.89912
1	1.0	0.9884217023364491	1.000000000000015	1.0	0.0	0.36493	1.00121
1	2.0	0.9656001142937931	0.999999999999987	1.0	0.0	0.13502	2.00827
1	3.0	0.9409861322403661	1.0000000000000082	1.0	0.0	0.04964	3.00145
1	4.0	0.9166129443736437	1.0000000000000258	1.0	0.0	0.01844	3.99326
1	5.0	0.8929679892595075	1.0000000000000053	1.0	0.0	0.00652	4.99747
1	6.0	0.8707212603055408	0.9999999999999942	1.0	0.0	0.0026	6.00239
1	7.0	0.8493686942927087	0.9999999999999805	1.0	0.0	0.00085	6.99814
1	8.0	0.8286709770047244	1.0000000000000002	1.0	0.0	0.0004	8.00898
1	9.0	0.8091657503617496	1.0000000000000466	1.0	0.0	9e-05	9.00162
1	10.0	0.7903102864706291	0.9999999999999095	1.0	0.0	5e-05	10.00266
1	20.0	0.6333300385010981	1.0000000000000184	1.0	0.0	0.0	19.99447
1	30.0	0.5186396186460336	1.0000000000000153	1.0	0.0	0.0	29.96516
1	40.0	0.4326414628187024	0.9999999999999531	1.0	0.0	0.0	39.98384
1	50.0	0.36715947850846664	0.9999999999999695	1.0	0.0	0.0	50.00502
1	60.0	0.31684289018774625	0.9999999999998985	1.0	0.0	0.0	59.98922
1	70.0	0.2771075089346065	0.9999999999999583	1.0	0.0	0.0	70.01626
1	80.0	0.2453129345260414	0.9999999999999992	1.0	0.0	0.0	80.00911
1	90.0	0.21993385692906325	0.9999998550912204	0.99999	0.0	0.0	90.00302
1	100.0	0.1987321537633651	0.9999952894650274	0.99976	0.0	0.0	99.96854
